-0.000029,-0.000001,-0.000052,1.000000
-0.000239,-0.000137,-0.000444,1.000000
-0.003478,-0.000962,-0.004007,0.999985
-0.001921,-0.000976,-0.002811,0.999994
-0.000591,-0.000847,-0.001848,0.999998
0.000331,-0.000731,-0.001164,0.999999
0.000738,-0.000696,-0.000967,0.999999
0.000749,-0.000709,-0.000103,0.999999
0.000671,-0.000679,-0.000267,1.000000
0.000578,-0.000648,-0.000451,1.000000
0.000322,-0.000683,-0.000520,1.000000
0.000423,-0.000716,0.000031,1.000000
0.000668,-0.000911,0.000011,0.999999
0.000857,-0.000967,-0.000277,0.999999
0.000704,-0.000810,-0.000817,0.999999
0.000151,-0.000601,-0.000464,1.000000
0.000439,-0.000501,-0.000372,1.000000
0.000191,-0.000315,-0.000392,1.000000
0.000342,0.000441,-0.000714,1.000000
0.000245,0.000227,-0.000558,1.000000
0.000699,0.000337,-0.000515,1.000000
0.000739,0.000239,-0.001168,0.999999
0.000721,0.000025,-0.001425,0.999999
0.000816,-0.000307,-0.001105,0.999999
0.000850,-0.000169,-0.000374,1.000000
0.001287,-0.000194,-0.000125,0.999999
0.001006,-0.000015,-0.000100,0.999999
0.001019,0.000328,-0.000295,0.999999
0.000440,0.000396,-0.000479,1.000000
0.000499,0.000666,-0.000441,1.000000
0.000435,0.000428,0.000401,1.000000
0.000668,0.000490,0.000402,1.000000
0.000396,0.000475,-0.000394,1.000000
0.000658,-0.000112,-0.001367,0.999999
0.000368,0.000157,-0.001626,0.999999
-0.000073,0.000311,-0.001241,0.999999
0.000031,0.000336,-0.000619,1.000000
0.000286,0.000640,-0.000035,1.000000
0.000914,0.000851,0.000394,0.999999
0.000735,0.000763,0.000405,0.999999
0.000723,0.000986,-0.000205,0.999999
0.000627,0.001276,-0.000572,0.999999
0.000705,0.001327,-0.000324,0.999999
0.000564,0.001602,0.000030,0.999999
0.000726,0.001560,0.000451,0.999998
0.000263,0.001390,-0.000007,0.999999
-0.000190,0.001750,0.000264,0.999998
-0.000462,0.001612,-0.000057,0.999999
0.000029,0.001748,0.000348,0.999998
0.000756,0.001548,-0.000144,0.999999
0.001193,0.001614,-0.000333,0.999998
0.001085,0.001625,-0.000465,0.999998
0.000424,0.001425,-0.000144,0.999999
-0.000165,0.001337,-0.000207,0.999999
-0.000405,0.001304,-0.000194,0.999999
-0.000414,0.001369,-0.000804,0.999999
-0.000499,0.001396,-0.000250,0.999999
-0.000165,0.001661,-0.000135,0.999999
-0.000079,0.001646,0.000141,0.999999
0.000349,0.001723,0.000022,0.999998
0.000278,0.001707,-0.000590,0.999998
-0.000023,0.002278,-0.000202,0.999997
-0.000323,0.002648,-0.000312,0.999996
-0.000043,0.002598,0.000077,0.999997
0.000857,0.002646,-0.000405,0.999996
0.000979,0.002667,-0.000424,0.999996
0.001433,0.002347,-0.000380,0.999996
0.000892,0.002271,-0.000205,0.999997
0.001290,0.001893,-0.000141,0.999997
0.000706,0.001968,-0.000705,0.999998
0.000459,0.002117,-0.000916,0.999997
0.007009,0.002491,-0.001308,0.999971
0.014260,0.003031,-0.001908,0.999892
0.016274,0.003155,0.000015,0.999863
0.006531,0.003117,0.004535,0.999964
-0.011952,0.001722,0.003310,0.999922
-0.020537,0.001343,0.005009,0.999776
-0.001908,0.002680,-0.006217,0.999975
0.005623,0.004223,-0.003193,0.999970
0.016132,0.004073,-0.010422,0.999807
0.012261,0.003240,-0.017038,0.999774
0.009311,0.003996,-0.025601,0.999621
-0.005524,0.002326,-0.035951,0.999336
-0.013983,0.002502,-0.039356,0.999124
-0.018185,0.002570,-0.043720,0.998875
-0.011916,0.000206,-0.045868,0.998876
-0.002454,-0.003056,-0.054205,0.998522
0.006773,-0.006538,-0.039744,0.999166
0.007372,-0.007927,-0.035934,0.999296
0.009027,-0.008208,-0.029239,0.999498
0.007482,0.000124,-0.028945,0.999553
0.007248,0.004085,-0.022196,0.999719
0.008541,0.007634,-0.023039,0.999669
0.007460,0.010262,-0.029437,0.999486
0.007903,0.010868,-0.030941,0.999431
0.004589,0.013829,-0.025598,0.999566
0.007993,0.004743,-0.006392,0.999936
0.002186,-0.001841,-0.005151,0.999983
0.000737,-0.001228,-0.008260,0.999965
-0.000484,0.003161,-0.018049,0.999832
0.001193,0.003045,-0.017301,0.999845
-0.002086,0.003022,-0.015539,0.999873
-0.003859,0.005707,-0.014071,0.999877
-0.006778,0.008747,-0.016626,0.999801
-0.004813,0.003330,-0.014870,0.999872
-0.007349,-0.004190,-0.009660,0.999918
-0.011462,-0.003677,-0.010245,0.999875
-0.013903,-0.002074,-0.009442,0.999857
-0.017422,-0.002224,-0.009078,0.999805
-0.018556,-0.004741,-0.015628,0.999694
-0.021364,-0.006588,-0.012581,0.999671
-0.024060,-0.008257,-0.009285,0.999633
-0.024065,-0.011114,-0.003102,0.999644
-0.021074,-0.011306,-0.002102,0.999712
-0.019360,-0.009742,-0.008013,0.999733
-0.019709,-0.007911,-0.008095,0.999742
-0.022556,-0.005301,-0.011363,0.999667
-0.024118,-0.005756,-0.019674,0.999499
-0.024075,-0.002340,-0.023014,0.999442
-0.021216,-0.000607,-0.017403,0.999623
-0.016981,-0.000605,-0.008711,0.999818
-0.013080,-0.000757,-0.009873,0.999865
-0.009771,0.000578,-0.014099,0.999853
-0.008423,0.001318,-0.012901,0.999880
-0.008220,0.000119,-0.007701,0.999937
-0.007897,-0.000829,-0.004350,0.999959
-0.006360,-0.002067,-0.005136,0.999964
-0.004486,-0.002359,-0.008993,0.999947
-0.002649,-0.002004,-0.010417,0.999940
-0.002443,-0.001574,-0.011096,0.999934
-0.001381,-0.002486,-0.008073,0.999963
-0.001532,-0.003092,-0.007288,0.999967
-0.000015,-0.003585,-0.005852,0.999976
0.000987,-0.003405,-0.001360,0.999993
0.002250,-0.003893,0.000326,0.999990
0.001609,-0.005145,0.001854,0.999984
0.001324,-0.004092,0.000394,0.999991
0.001068,-0.003075,0.003023,0.999990
0.001940,-0.002030,-0.000257,0.999996
0.001312,0.000353,-0.001662,0.999998
0.001116,0.001914,-0.004010,0.999990
0.000128,0.002409,-0.000639,0.999997
-0.000165,0.003057,0.000464,0.999995
-0.000905,0.003355,0.000928,0.999994
-0.000547,0.003775,0.000561,0.999993
0.000118,0.003721,-0.000311,0.999993
0.000730,0.004380,0.000051,0.999990
0.000422,0.004240,-0.000136,0.999991
-0.000156,0.004363,0.000086,0.999990
-0.000340,0.004579,-0.000559,0.999989
-0.000239,0.004755,-0.000612,0.999988
0.000257,0.005425,-0.000865,0.999985
0.000203,0.005870,-0.000455,0.999983
-0.000054,0.006157,-0.001027,0.999981
-0.000673,0.006192,0.000048,0.999981
-0.000606,0.006483,-0.000110,0.999979
-0.000436,0.006366,0.000878,0.999979
-0.000102,0.006741,0.000181,0.999977
-0.000176,0.007359,0.000242,0.999973
0.000055,0.007365,0.000059,0.999973
0.000468,0.007467,0.000212,0.999972
0.000165,0.008176,0.000375,0.999966
-0.000121,0.008424,0.000262,0.999964
-0.000578,0.008798,-0.000151,0.999961
-0.000547,0.008952,-0.000464,0.999960
-0.000208,0.009320,-0.000134,0.999957
-0.000547,0.009923,0.000461,0.999951
-0.000906,0.010102,0.001019,0.999948
-0.001275,0.010377,0.001244,0.999945
-0.000996,0.010721,0.001069,0.999941
-0.000535,0.010996,0.001078,0.999939
-0.000806,0.011180,0.001107,0.999937
-0.000741,0.011318,0.000756,0.999935
-0.000554,0.011524,0.000689,0.999933
0.000202,0.012145,0.000378,0.999926
-0.000086,0.012505,-0.000229,0.999922
-0.000010,0.013144,-0.000153,0.999914
-0.000397,0.013589,-0.000406,0.999908
-0.000817,0.013782,0.000800,0.999904
-0.001642,0.013861,0.000988,0.999902
-0.002054,0.013920,0.001176,0.999900
-0.001213,0.014314,0.001146,0.999896
-0.000793,0.014872,0.001586,0.999888
-0.000333,0.015012,0.001296,0.999886
-0.000626,0.015515,0.001188,0.999879
-0.000499,0.015575,-0.000091,0.999879
0.001438,0.015987,0.001229,0.999870
0.002347,0.016742,-0.000160,0.999857
0.007985,0.017739,-0.000320,0.999811
0.008546,0.020577,-0.001965,0.999750
0.016802,0.018845,0.015863,0.999555
0.017949,0.022075,-0.005631,0.999579
0.023752,0.019102,-0.003265,0.999530
0.026962,0.018616,-0.014655,0.999356
0.032913,0.020729,-0.020118,0.999041
0.030114,0.032767,-0.066640,0.996784
0.073014,-0.001145,-0.055125,0.995806
0.062986,-0.000811,-0.046495,0.996930
0.058102,0.002300,-0.039608,0.997522
0.062266,0.006740,-0.030401,0.997574
0.072042,0.011067,-0.024186,0.997047
0.079552,0.012449,-0.010078,0.996702
0.090150,0.011232,0.003487,0.995859
0.083668,0.015905,0.096678,0.991665
0.082161,0.012951,0.172657,0.981464
0.068575,0.020413,0.278277,0.957832
0.054452,0.018877,0.399946,0.914725
0.034455,0.006239,0.574154,0.817998
0.025763,0.003790,0.618210,0.785582
0.021728,0.011460,0.627592,0.778155
0.022445,0.013507,0.624418,0.780651
0.020447,0.012672,0.622338,0.782379
0.019674,0.009867,0.626368,0.779217
0.017799,0.006613,0.636460,0.771076
0.016250,0.005063,0.657071,0.753637
0.014844,0.005036,0.667139,0.744768
0.010363,0.004245,0.678271,0.734727
0.007447,0.002670,0.682685,0.730670
0.004804,0.002135,0.685027,0.728499
0.001382,0.004741,0.685514,0.728043
-0.002511,0.004899,0.682901,0.730490
-0.009509,0.007806,0.681320,0.731882
-0.013049,0.007987,0.677253,0.735591
-0.017530,0.008120,0.676019,0.736631
-0.015180,0.005479,0.677164,0.735655
-0.023761,0.010531,0.679333,0.733370
-0.023193,0.008847,0.681012,0.731851
-0.022426,0.007492,0.684882,0.728270
-0.014418,-0.001190,0.685883,0.727568
-0.012895,-0.005742,0.686428,0.727061
-0.014590,-0.009486,0.682974,0.730235
-0.018630,-0.010417,0.687144,0.726208
-0.020877,-0.010004,0.689524,0.723893
-0.022177,-0.011083,0.691924,0.721545
-0.023197,-0.011877,0.691971,0.721455
-0.023915,-0.012845,0.693808,0.719649
-0.025178,-0.014073,0.695147,0.718289
-0.026300,-0.015210,0.695780,0.717612
-0.026675,-0.016548,0.696273,0.717090
-0.027504,-0.017278,0.696989,0.716346
-0.028027,-0.018348,0.697467,0.715833
-0.029678,-0.018577,0.699583,0.713693
-0.030515,-0.019198,0.703491,0.709789
-0.031334,-0.020125,0.705244,0.707986
-0.031232,-0.020577,0.705649,0.707574
-0.031611,-0.021250,0.702874,0.710293
-0.032031,-0.021742,0.701561,0.711557
-0.032799,-0.021700,0.700875,0.712199
-0.033891,-0.021758,0.696299,0.716621
-0.033526,-0.021867,0.696800,0.716147
-0.032540,-0.022230,0.696281,0.716687
-0.031303,-0.022708,0.699209,0.713871
-0.031696,-0.022848,0.699520,0.713544
-0.031893,-0.023406,0.700046,0.713001
-0.032700,-0.023431,0.699909,0.713098
-0.033003,-0.024367,0.698956,0.713987
-0.033827,-0.024502,0.698665,0.714229
-0.034451,-0.025018,0.698602,0.714243
-0.035170,-0.025761,0.698945,0.713845
-0.035327,-0.027009,0.698782,0.713951
-0.036107,-0.027638,0.698985,0.713689
-0.036862,-0.028539,0.698766,0.713830
-0.037810,-0.028981,0.698874,0.713657
-0.038080,-0.030064,0.698339,0.714121
-0.038961,-0.030675,0.698630,0.713763
-0.039266,-0.031765,0.698035,0.714281
-0.040553,-0.032259,0.697496,0.714713
-0.041021,-0.033230,0.697044,0.715082
-0.042060,-0.033458,0.698023,0.714055
-0.042072,-0.034505,0.699464,0.712594
-0.042808,-0.034631,0.699304,0.712701
-0.043344,-0.035288,0.699708,0.712240
-0.043547,-0.036001,0.696879,0.714960
-0.043150,-0.036446,0.694808,0.716974
-0.042707,-0.036264,0.691380,0.720315
-0.043189,-0.036195,0.691068,0.720589
-0.043818,-0.036628,0.691242,0.720363
-0.044020,-0.037631,0.691334,0.720210
-0.044329,-0.037921,0.691516,0.720002
-0.044664,-0.038698,0.692459,0.719033
-0.045668,-0.038596,0.693015,0.718439
-0.046124,-0.039347,0.693203,0.718188
-0.046574,-0.039426,0.693366,0.717998
-0.046550,-0.040577,0.692738,0.718541
-0.046708,-0.040942,0.693310,0.717958
-0.047049,-0.041572,0.692999,0.718199
-0.047868,-0.041892,0.693394,0.717746
-0.048202,-0.042637,0.693352,0.717719
-0.048914,-0.043095,0.692748,0.718227
-0.050090,-0.043474,0.693020,0.717861
-0.050501,-0.043307,0.693575,0.717306
-0.050769,-0.044449,0.692711,0.718052
-0.049934,-0.045164,0.689511,0.721139
-0.049493,-0.044200,0.686577,0.724022
-0.049293,-0.043218,0.687542,0.723180
-0.048306,-0.043728,0.677432,0.732694
-0.044450,-0.042999,0.640794,0.765218
-0.017604,-0.015207,0.559377,0.828587
-0.019003,-0.009997,0.521118,0.853215
-0.017913,-0.013160,0.522799,0.852166
-0.016489,-0.016877,0.505475,0.862518
-0.011768,-0.021439,0.459112,0.888042
-0.005535,-0.026210,0.393189,0.919067
0.004619,-0.038446,0.320365,0.946502
0.008877,-0.045850,0.277990,0.959448
0.025494,-0.051258,0.178021,0.982360
0.043858,-0.063130,0.062397,0.995087
0.045038,-0.066042,0.043915,0.995832
0.049622,-0.065192,0.029116,0.996213
0.052827,-0.064248,0.020384,0.996326
0.056069,-0.061174,0.014721,0.996442
0.055327,-0.064097,0.007437,0.996381
0.061938,-0.065586,0.003243,0.995917
0.060886,-0.072013,0.003045,0.995539
0.046290,-0.070691,0.002765,0.996420
0.023679,-0.073133,0.000359,0.997041
0.007663,-0.074177,-0.000280,0.997216
0.005882,-0.074724,0.000413,0.997187
0.002719,-0.077905,0.000201,0.996957
0.006161,-0.079306,0.006481,0.996810
0.006693,-0.081308,0.007465,0.996639
0.005743,-0.087599,0.008827,0.996100
0.005844,-0.092576,0.003224,0.995683
0.005764,-0.093167,0.001821,0.995632
0.006141,-0.093655,0.001049,0.995585
0.005364,-0.093574,0.001369,0.995597
0.005218,-0.092768,0.001625,0.995673
0.005162,-0.092429,0.001217,0.995705
0.004516,-0.091821,0.001339,0.995764
0.004168,-0.091265,0.001415,0.995817
0.004073,-0.090173,0.001176,0.995917
0.004305,-0.089221,0.001136,0.996002
0.004415,-0.088443,0.002026,0.996069
0.004110,-0.088072,0.002382,0.996103
0.004555,-0.087641,0.001847,0.996140
0.004010,-0.086683,0.001055,0.996227
0.003974,-0.086323,0.001566,0.996258
0.003947,-0.086003,0.001778,0.996285
0.004863,-0.085242,0.001686,0.996347
0.004861,-0.084718,0.000581,0.996393
0.004859,-0.084013,0.000593,0.996453
0.004371,-0.083070,0.000700,0.996534
0.004807,-0.082527,0.001262,0.996576
0.004836,-0.081990,0.001706,0.996620
0.004645,-0.081488,0.002235,0.996661
0.004369,-0.081172,0.001590,0.996689
0.004773,-0.080581,0.001435,0.996736
0.005166,-0.079600,0.001288,0.996813
0.004814,-0.079456,0.002350,0.996824
0.003993,-0.079078,0.002506,0.996857
0.003893,-0.078631,0.002386,0.996893
0.004405,-0.077984,0.001874,0.996943
0.004301,-0.077444,0.001535,0.996986
0.004290,-0.076629,0.002088,0.997048
0.003796,-0.075962,0.002293,0.997101
0.004266,-0.075641,0.002660,0.997122
0.004072,-0.075045,0.001378,0.997171
0.003819,-0.074384,0.001957,0.997220
0.004001,-0.073362,0.001785,0.997296
0.005134,-0.072560,0.002148,0.997349
0.005927,-0.071379,-0.000373,0.997432
0.005284,-0.070264,-0.000138,0.997514
0.002489,-0.068733,0.000339,0.997632
-0.025092,-0.068682,0.007741,0.997293
-0.013899,-0.061147,0.002125,0.998030
0.010634,-0.055868,0.012316,0.998306
0.048382,-0.033911,-0.002840,0.998249
0.056737,-0.035070,-0.035899,0.997127
0.129553,-0.009197,-0.029193,0.991100
0.215670,-0.029727,-0.053105,0.974568
0.284952,-0.013035,-0.063616,0.956340
0.297251,-0.009979,-0.072035,0.952026
0.361056,0.021321,-0.071276,0.929572
0.403238,0.024131,-0.075202,0.911680
0.434522,0.042866,-0.066250,0.897198
0.473057,0.038507,-0.053994,0.878532
0.493172,0.037844,-0.046198,0.867880
0.510536,0.027050,-0.036074,0.858674
0.544224,0.021289,-0.019245,0.838449
0.563714,0.016157,-0.012817,0.825712
0.591825,0.016563,0.002668,0.805892
0.614308,0.016572,0.003722,0.788883
0.633375,0.015216,0.016096,0.773528
0.644188,0.008905,0.015719,0.764653
0.652111,0.006635,0.014004,0.757965
0.660527,0.010245,0.017256,0.750534
0.663990,0.010694,0.005446,0.747645
0.667430,0.008047,0.007731,0.744589
0.666966,0.000364,0.003677,0.745079
0.671956,-0.001130,0.003055,0.740584
0.673417,-0.005629,0.000171,0.739241
0.675950,-0.005302,0.003600,0.736920
0.677740,-0.002967,0.005730,0.735273
0.680762,0.001049,0.008408,0.732456
0.683595,0.004713,0.008058,0.729802
0.688387,0.009780,0.006336,0.725250
0.691361,0.013315,0.004879,0.722370
0.694325,0.015577,0.004623,0.719478
0.696538,0.019593,-0.000228,0.717253
0.699506,0.020670,-0.001840,0.714325
0.701294,0.021974,-0.003282,0.712526
0.702235,0.023395,-0.004380,0.711547
0.704370,0.024322,-0.005854,0.709392
0.704292,0.025851,-0.007194,0.709403
0.706802,0.028188,-0.007012,0.706814
0.705962,0.028879,-0.005428,0.707640
0.706261,0.030053,-0.005432,0.707293
0.704293,0.030749,-0.008740,0.709189
0.704534,0.022075,-0.001649,0.709325
0.706266,0.022247,-0.004900,0.707580
0.706777,0.024821,-0.007418,0.706962
0.708596,0.025950,-0.008635,0.705084
0.708392,0.027188,-0.008946,0.705238
0.708282,0.028445,-0.010329,0.705280
0.706639,0.034133,-0.014250,0.706607
0.706527,0.035897,-0.015135,0.706613
0.706379,0.037660,-0.015963,0.706651
0.706799,0.037774,-0.017937,0.706177
0.707496,0.038427,-0.019720,0.705397
0.707209,0.039379,-0.020893,0.705597
0.706951,0.041473,-0.021284,0.705725
0.707208,0.043657,-0.021876,0.705317
0.706585,0.044139,-0.023857,0.705847
0.706253,0.048670,-0.029275,0.705677
0.704489,0.049702,-0.031559,0.707269
0.703670,0.051493,-0.032227,0.707925
0.702167,0.053693,-0.033732,0.709183
0.701254,0.054745,-0.034438,0.709971
0.700226,0.056194,-0.034920,0.710849
0.698847,0.057699,-0.035894,0.712036
0.696584,0.059554,-0.036547,0.714065
0.692225,0.060951,-0.037255,0.718137
0.686107,0.062049,-0.037744,0.723866
0.679113,0.066185,-0.034114,0.730247
0.662955,0.067261,-0.033288,0.744888
0.644683,0.076480,-0.038094,0.759660
0.609790,0.082301,-0.045176,0.786983
0.576211,0.090788,-0.050210,0.810690
0.530808,0.094262,-0.049538,0.840776
0.482097,0.096236,-0.046181,0.869591
0.425805,0.098049,-0.042694,0.898473
0.360253,0.100620,-0.037940,0.926636
0.298027,0.098902,-0.032448,0.948865
0.232502,0.096978,-0.025774,0.967406
0.183493,0.095417,-0.022153,0.978128
0.157432,0.094808,-0.020622,0.982752
0.131290,0.097059,-0.020787,0.986362
0.109141,0.092360,-0.018243,0.989558
0.095927,0.082997,-0.013045,0.991836
0.084519,0.073281,-0.008494,0.993687
0.069133,0.057576,-0.004026,0.995936
0.049251,0.045984,-0.004692,0.997716
0.030302,0.040411,-0.003754,0.998717
0.019218,0.041401,-0.003024,0.998953
0.011443,0.043441,-0.001925,0.998989
0.009635,0.044545,-0.002448,0.998958
0.007956,0.045420,-0.002034,0.998934
0.004426,0.048586,-0.001860,0.998807
0.002783,0.049764,-0.000372,0.998757
-0.003403,0.050273,0.001239,0.998729
-0.003624,0.050691,-0.000100,0.998708
-0.003900,0.051022,-0.000759,0.998690
-0.000175,0.054174,-0.002868,0.998527
-0.001022,0.055364,-0.001201,0.998465
-0.006623,0.058236,0.001860,0.998279
-0.007793,0.058034,0.002975,0.998280
-0.007253,0.058293,0.002809,0.998269
-0.002086,0.058377,0.000420,0.998292
-0.002166,0.057912,0.000056,0.998319
-0.002763,0.057304,-0.000398,0.998353
-0.002974,0.056927,-0.002570,0.998371
-0.002334,0.056602,-0.005129,0.998381
-0.002156,0.053428,-0.003979,0.998561
-0.001302,0.051004,-0.000869,0.998697
-0.001872,0.050243,0.002613,0.998732
-0.001617,0.045965,0.002665,0.998938
-0.002335,0.045480,0.001604,0.998961
-0.001859,0.045138,0.000867,0.998979
-0.001549,0.044451,0.000639,0.999010
-0.001634,0.044445,0.000560,0.999010
-0.001524,0.044465,0.000218,0.999010
-0.002095,0.044260,0.000250,0.999018
-0.002333,0.044359,0.000615,0.999013
-0.002376,0.044280,0.001341,0.999015
-0.002716,0.044463,0.001148,0.999007
-0.002364,0.044918,0.000777,0.998988
-0.002383,0.045108,0.000325,0.998979
-0.001434,0.045025,-0.000164,0.998985
-0.001215,0.045048,-0.000035,0.998984
-0.001283,0.044934,0.000901,0.998989
-0.001440,0.044965,0.001625,0.998986
-0.002139,0.045033,0.002061,0.998981
-0.002916,0.045047,0.001307,0.998980
-0.002793,0.044984,0.001090,0.998983
-0.002636,0.044815,0.000717,0.998992
-0.001477,0.045225,0.000191,0.998976
-0.000814,0.045140,0.001307,0.998980
-0.000684,0.045053,-0.014215,0.998883
0.005142,0.047431,-0.012668,0.998781
0.017597,0.058256,-0.017680,0.997990
0.045873,0.081682,0.037929,0.994879
0.048516,0.105903,0.031013,0.992708
0.056955,0.143544,0.021522,0.987769
0.045828,0.186350,0.013709,0.981318
0.027499,0.218706,-0.027154,0.975025
0.033105,0.257088,0.009683,0.965772
0.025538,0.302640,-0.002031,0.952761
0.010560,0.337897,-0.002344,0.941121
-0.008355,0.381778,-0.022551,0.923941
-0.010077,0.424949,-0.026245,0.904781
-0.010062,0.466560,-0.024390,0.884096
-0.027002,0.510236,-0.038632,0.858742
-0.011539,0.546979,-0.003337,0.837060
-0.010036,0.571220,-0.006239,0.820712
-0.008702,0.608921,-0.014439,0.793051
0.000033,0.665384,-0.004415,0.746489
0.004616,0.679325,0.000730,0.733823
0.026277,0.672971,0.024302,0.738803
0.012459,0.672498,0.029856,0.739391
-0.003190,0.677122,0.026907,0.735372
-0.010629,0.682096,0.015388,0.731024
-0.017914,0.689075,0.007738,0.724428
-0.023065,0.694493,0.001776,0.719128
-0.024268,0.703886,-0.005285,0.709879
-0.030567,0.710019,-0.009383,0.703456
-0.034848,0.716388,-0.012961,0.696711
-0.039612,0.718282,-0.009976,0.694552
-0.040920,0.723129,-0.009295,0.689437
-0.045413,0.726090,-0.002893,0.686092
-0.047593,0.725041,-0.000691,0.687058
-0.045071,0.720849,-0.003015,0.691618
-0.034027,0.716823,-0.008357,0.696374
-0.029941,0.714595,-0.010996,0.698811
-0.032061,0.713909,-0.009524,0.699440
-0.035200,0.713140,-0.006790,0.700104
-0.036115,0.710876,-0.006066,0.702363
-0.034908,0.708811,-0.005731,0.704511
-0.035250,0.707814,-0.004954,0.705502
-0.035238,0.707504,-0.004689,0.705815
-0.034127,0.707291,-0.005265,0.706078
-0.033889,0.707324,-0.005068,0.706058
-0.033730,0.707135,-0.004784,0.706257
-0.034664,0.707537,-0.005413,0.705804
-0.034567,0.708035,-0.005862,0.705307
-0.034748,0.708702,-0.005773,0.704628
-0.034895,0.709481,-0.005205,0.703841
-0.035385,0.710000,-0.005412,0.703291
-0.035951,0.710831,-0.005894,0.702418
-0.036426,0.711279,-0.005694,0.701942
-0.036605,0.711871,-0.005002,0.701338
-0.036058,0.712147,-0.004838,0.701087
-0.036341,0.712278,-0.004872,0.700939
-0.036688,0.712434,-0.005037,0.700761
-0.036566,0.712480,-0.005067,0.700721
-0.036725,0.712776,-0.005354,0.700410
-0.036374,0.713122,-0.005632,0.700073
-0.036770,0.713463,-0.005468,0.699706
-0.036113,0.713900,-0.005047,0.699298
-0.035595,0.713747,-0.004914,0.699481
-0.035712,0.713556,-0.005314,0.699668
-0.036028,0.713723,-0.005186,0.699482
-0.036136,0.714029,-0.004965,0.699165
-0.035576,0.714229,-0.005223,0.698987
-0.035687,0.714593,-0.005001,0.698611
-0.035718,0.715317,-0.005260,0.697867
-0.035526,0.715739,-0.005584,0.697442
-0.035218,0.715681,-0.005916,0.697514
-0.035260,0.716493,-0.005296,0.696683
-0.035994,0.717316,-0.005374,0.695797
-0.036085,0.717803,-0.005266,0.695291
-0.035873,0.717958,-0.005368,0.695140
-0.036419,0.717457,-0.009196,0.695590
-0.036104,0.716806,-0.007491,0.696297
-0.036429,0.715944,-0.007232,0.697169
-0.036053,0.715276,-0.003678,0.697901
-0.036294,0.715119,-0.004533,0.698045
-0.036494,0.715279,-0.004013,0.697874
-0.036454,0.715957,-0.002743,0.697187
-0.035943,0.716541,-0.005507,0.696596
-0.036822,0.714449,-0.006097,0.698691
-0.036061,0.707208,-0.005872,0.706061
-0.033070,0.692349,-0.018715,0.720562
-0.023430,0.675481,0.007152,0.736970
-0.019131,0.655804,0.012069,0.754592
-0.015574,0.633502,0.016127,0.773416
-0.017563,0.609151,0.006362,0.792834
-0.021768,0.580673,-0.003165,0.813840
-0.039258,0.555996,-0.029912,0.829719
-0.035977,0.525800,-0.036785,0.849050
-0.029148,0.502984,-0.038500,0.862946
-0.007471,0.479476,-0.034489,0.876845
0.011654,0.443014,-0.014679,0.896319
0.010543,0.407973,-0.020256,0.912709
0.013472,0.368749,0.005764,0.929413
0.004846,0.326944,0.007496,0.945002
0.011008,0.263597,0.011251,0.964504
0.015243,0.252311,0.008118,0.967492
0.033346,0.177646,0.020522,0.983315
0.034381,0.139572,0.020889,0.989394
0.030229,0.110887,0.019091,0.993190
0.021082,0.107028,0.016405,0.993897
0.015187,0.092386,0.003547,0.995601
0.012934,0.090302,-0.004312,0.995821
0.013443,0.080279,0.016615,0.996543
0.012778,0.056158,0.024701,0.998035
0.012131,0.048803,0.029999,0.998284
0.009897,0.048524,0.019918,0.998574
0.008832,0.048335,0.014611,0.998685
0.002986,0.045657,0.012678,0.998872
0.001218,0.042514,0.011685,0.999027
-0.001867,0.039892,0.010567,0.999146
-0.001347,0.040222,0.008853,0.999151
-0.001280,0.040068,0.008818,0.999157
0.001203,0.044813,0.008118,0.998962
0.005858,0.049694,0.012680,0.998667
0.005572,0.050105,0.013076,0.998643
0.000292,0.050946,0.009305,0.998658
-0.002210,0.050479,0.003144,0.998718
0.002493,0.050445,-0.000889,0.998723
0.006731,0.051010,-0.000353,0.998675
0.006876,0.049910,-0.000741,0.998730
0.002297,0.049296,0.002038,0.998779
0.001956,0.045895,0.002523,0.998941
-0.000767,0.045303,0.003289,0.998968
-0.001320,0.044943,0.002754,0.998985
-0.001700,0.044400,0.002479,0.999009
-0.002149,0.043473,0.002839,0.999048
-0.002632,0.043496,0.003027,0.999046
-0.002781,0.043536,0.002928,0.999044
-0.002194,0.044005,0.003171,0.999024
-0.002065,0.044144,0.003788,0.999016
-0.002303,0.044007,0.004428,0.999019
-0.002731,0.044041,0.004519,0.999016
-0.002556,0.043859,0.004089,0.999026
-0.002290,0.043973,0.004008,0.999022
-0.002166,0.044483,0.002796,0.999004
-0.002666,0.044548,0.002733,0.999000
-0.002817,0.044506,0.002201,0.999003
-0.002834,0.043906,0.002221,0.999029
-0.002687,0.043860,0.001972,0.999032
-0.002707,0.043543,0.002042,0.999046
-0.002775,0.043294,0.002695,0.999055
-0.002404,0.043273,0.003361,0.999055
-0.002192,0.043765,0.003242,0.999034
-0.002399,0.043715,0.002856,0.999037
-0.002605,0.043716,0.002704,0.999037
-0.002603,0.043994,0.003094,0.999024
-0.002314,0.043683,0.003215,0.999038
-0.002995,0.043698,0.002863,0.999036
-0.002909,0.043642,0.003009,0.999038
-0.002748,0.043550,0.003818,0.999040
-0.001584,0.043332,0.003285,0.999054
-0.001502,0.043336,0.003056,0.999055
-0.001481,0.044038,0.002239,0.999026
0.000378,0.044522,0.004731,0.998997
-0.003321,0.044686,-0.002576,0.998992
0.009862,0.046496,-0.000119,0.998870
0.021162,0.058975,-0.001074,0.998035
0.038369,0.064229,0.001420,0.997196
0.044533,0.072661,-0.005462,0.996347
0.055577,0.077336,0.009013,0.995414
0.074916,0.081393,0.007876,0.993831
0.083331,0.081247,-0.024715,0.992897
0.094082,0.122867,-0.031185,0.987461
0.133476,0.094673,-0.052788,0.985106
0.217032,0.074443,-0.046542,0.972209
0.296930,0.040454,-0.021606,0.953797
0.359413,0.020373,0.030548,0.932456
0.389939,-0.004793,0.086072,0.916797
0.422205,-0.026134,0.137847,0.895577
0.455677,-0.068794,0.159694,0.872997
0.511182,-0.094489,0.191870,0.832437
0.531532,-0.124364,0.208779,0.811430
0.540020,-0.153859,0.222283,0.797054
0.549348,-0.173648,0.237094,0.782208
0.557837,-0.187999,0.247626,0.769517
0.568695,-0.194709,0.248642,0.759507
0.575057,-0.200190,0.246714,0.753900
0.587686,-0.207014,0.253907,0.739798
0.591651,-0.212387,0.252195,0.735689
0.596399,-0.212850,0.248758,0.732887
0.601849,-0.212762,0.248339,0.728586
0.601748,-0.213035,0.244412,0.729917
0.603647,-0.212210,0.241162,0.729670
0.610455,-0.204098,0.229080,0.730213
0.612407,-0.205246,0.227933,0.728614
0.614818,-0.206279,0.225659,0.726998
0.615989,-0.204823,0.217968,0.728763
0.619449,-0.199199,0.209941,0.729745
0.623170,-0.200418,0.208271,0.726715
0.626848,-0.204483,0.205987,0.723061
0.629775,-0.209268,0.202225,0.720205
0.632115,-0.211126,0.200122,0.718197
0.636385,-0.209412,0.202849,0.714152
0.634870,-0.212300,0.199268,0.715655
0.637769,-0.212033,0.199512,0.713083
0.639728,-0.213218,0.201911,0.710294
0.647679,-0.209327,0.205381,0.703216
0.652347,-0.208048,0.206030,0.699079
0.655998,-0.208579,0.207448,0.695073
0.657344,-0.209160,0.210392,0.692738
0.658245,-0.208537,0.210902,0.691915
0.659004,-0.207804,0.210852,0.691428
0.660520,-0.206821,0.211327,0.690129
0.661112,-0.205895,0.211596,0.689757
0.662143,-0.204528,0.211140,0.689315
0.663435,-0.204284,0.210997,0.688188
0.664882,-0.203368,0.210995,0.687062
0.665500,-0.203230,0.210650,0.686610
0.665847,-0.203141,0.210270,0.686417
0.666616,-0.202707,0.210270,0.685798
0.666908,-0.202282,0.209970,0.685732
0.667040,-0.201636,0.209898,0.685816
0.666454,-0.201760,0.209290,0.686534
0.665932,-0.201400,0.209302,0.687142
0.665018,-0.201368,0.208912,0.688155
0.664614,-0.200761,0.209051,0.688681
0.664239,-0.200047,0.208617,0.689382
0.664097,-0.199669,0.208013,0.689810
0.663866,-0.200146,0.206911,0.690226
0.664150,-0.199885,0.206403,0.690180
0.664965,-0.199225,0.206314,0.689613
0.665383,-0.198589,0.206616,0.689302
0.666132,-0.198101,0.206863,0.688645
0.666382,-0.198229,0.206384,0.688510
0.666453,-0.197633,0.206370,0.688617
0.666088,-0.197650,0.205936,0.689095
0.665419,-0.197549,0.205655,0.689853
0.665110,-0.197475,0.205058,0.690351
0.664424,-0.196776,0.204369,0.691414
0.663916,-0.196675,0.204065,0.692020
0.663934,-0.196182,0.203126,0.692419
0.664003,-0.195674,0.202654,0.692635
0.664310,-0.194707,0.202859,0.692553
0.664448,-0.193202,0.201673,0.693188
0.664514,-0.192974,0.200055,0.693657
0.662434,-0.191430,0.196826,0.696990
0.659192,-0.187743,0.190111,0.702905
0.648802,-0.189652,0.186635,0.712920
0.644342,-0.169984,0.169952,0.725979
0.630478,-0.151743,0.155504,0.745178
0.617886,-0.133080,0.143520,0.761517
0.598518,-0.121114,0.139008,0.779605
0.577953,-0.103464,0.123940,0.799940
0.556474,-0.089587,0.105055,0.819313
0.528634,-0.072534,0.079211,0.842028
0.489347,-0.059591,0.048572,0.868694
0.458278,-0.045292,0.028660,0.887191
0.413259,-0.027565,0.005715,0.910178
0.361264,-0.021273,0.004082,0.932212
0.297277,-0.006161,-0.003747,0.954764
0.237528,0.017039,-0.010442,0.971175
0.181137,0.046773,-0.019557,0.982150
0.150756,0.065463,-0.021095,0.986176
0.125287,0.082435,-0.021280,0.988461
0.089955,0.096630,-0.018953,0.991066
0.057808,0.102080,-0.013604,0.993002
0.024055,0.116838,-0.006915,0.992836
0.012502,0.122925,0.001377,0.992336
0.007334,0.128733,0.001188,0.991651
0.006399,0.127114,-0.004759,0.991856
-0.007307,0.128051,-0.012494,0.991662
-0.013885,0.120534,-0.012673,0.992531
-0.015213,0.110924,-0.013451,0.993621
-0.008516,0.101544,-0.007715,0.994765
-0.003856,0.096549,0.003347,0.995315
-0.001198,0.083318,0.010013,0.996472
-0.001732,0.074030,0.010180,0.997203
-0.002681,0.073214,0.003219,0.997307
-0.002019,0.072901,0.000901,0.997337
-0.001882,0.072866,-0.000511,0.997340
-0.001878,0.072854,-0.000135,0.997341
-0.002610,0.072999,0.000263,0.997329
-0.003193,0.072867,0.000996,0.997336
-0.003626,0.072633,0.000868,0.997352
-0.003506,0.072560,0.000484,0.997358
-0.002779,0.072686,0.000373,0.997351
-0.001858,0.072805,0.000069,0.997344
-0.002106,0.073087,0.000367,0.997323
-0.002559,0.073437,0.000508,0.997296
-0.003043,0.073624,0.000902,0.997281
-0.002641,0.073825,0.000985,0.997267
-0.002986,0.073342,0.001181,0.997302
-0.003463,0.072961,0.000432,0.997329
-0.003500,0.072623,0.000251,0.997353
-0.003089,0.072262,0.000805,0.997381
-0.002443,0.071918,0.001227,0.997407
-0.002663,0.071718,0.001149,0.997421
-0.002877,0.071348,0.000259,0.997447
-0.003124,0.071177,0.000031,0.997459
-0.002861,0.070947,-0.000125,0.997476
-0.002850,0.070787,-0.000120,0.997487
-0.003381,0.070648,-0.000369,0.997496
-0.003523,0.070596,0.000358,0.997499
-0.003822,0.070388,0.000379,0.997512
-0.003976,0.070308,0.000175,0.997517
-0.003529,0.070321,0.000030,0.997518
-0.003536,0.070170,0.000099,0.997529
-0.002601,0.070123,0.000591,0.997535
-0.003425,0.069751,0.000020,0.997559
-0.003235,0.069568,0.000563,0.997572
-0.003998,0.069309,0.000468,0.997587
-0.003509,0.069426,0.001027,0.997580
0.002004,0.069339,0.005656,0.997575
0.002927,0.068630,0.005970,0.997620
0.003687,0.069210,0.003173,0.997590
-0.002861,0.069915,0.003541,0.997543
-0.003817,0.076570,-0.003816,0.997050
-0.004615,0.086451,-0.020006,0.996045
-0.005849,0.106231,-0.034460,0.993727
-0.007902,0.108540,-0.038039,0.993333
-0.023680,0.119505,-0.029903,0.992101
-0.030359,0.119960,-0.023927,0.992026
-0.033155,0.126470,-0.012800,0.991334
-0.029455,0.119174,-0.000931,0.992436
-0.024341,0.125013,0.009083,0.991815
-0.023528,0.125454,0.005565,0.991805
-0.023670,0.127308,0.001816,0.991579
-0.023104,0.130804,-0.005350,0.991125
-0.024499,0.135521,-0.015958,0.990343
-0.027634,0.133907,-0.029199,0.990178
-0.026603,0.130930,-0.034798,0.990424
-0.022278,0.120045,-0.024823,0.992208
-0.018891,0.111041,-0.012275,0.993560
-0.015256,0.101615,-0.007878,0.994676
-0.014160,0.093572,-0.009271,0.995469
-0.012943,0.091098,-0.014300,0.995655
-0.008543,0.091035,-0.011143,0.995749
-0.003725,0.090047,-0.009908,0.995881
-0.007122,0.086996,0.004847,0.996171
-0.001447,0.087011,0.007719,0.996176
0.005498,0.092569,0.013963,0.995593
0.016290,0.096332,-0.000036,0.995216
0.016392,0.101324,-0.005549,0.994703
0.018287,0.100315,-0.013810,0.994692
0.012673,0.097975,-0.009665,0.995061
0.013114,0.096227,-0.009804,0.995225
0.007061,0.090330,-0.002332,0.995884
0.000559,0.084560,-0.001055,0.996418
-0.003104,0.081454,0.001990,0.996670
-0.000868,0.081110,0.004755,0.996693
-0.003072,0.080540,0.006321,0.996727
-0.005316,0.081342,0.007639,0.996643
-0.006375,0.082618,0.007999,0.996529
-0.007423,0.082462,0.007706,0.996537
-0.007263,0.081924,0.007474,0.996584
-0.008433,0.081667,0.006733,0.996601
-0.008024,0.081301,0.007428,0.996630
-0.008133,0.080900,0.007871,0.996658
-0.008418,0.080822,0.008071,0.996660
-0.008370,0.080578,0.007961,0.996681
-0.007236,0.080562,0.007930,0.996692
-0.006614,0.080973,0.007793,0.996664
-0.006264,0.080801,0.007283,0.996684
-0.006418,0.080805,0.007072,0.996684
-0.005879,0.081080,0.007558,0.996662
-0.005708,0.081000,0.007526,0.996669
-0.006382,0.081020,0.008365,0.996657
-0.006685,0.081458,0.008054,0.996622
-0.007152,0.081234,0.008815,0.996630
-0.007716,0.080751,0.008250,0.996670
-0.007801,0.080658,0.008413,0.996676
-0.007495,0.080723,0.007567,0.996680
-0.007057,0.080732,0.007896,0.996680
-0.007059,0.080691,0.007614,0.996685
-0.007321,0.080209,0.007881,0.996720
-0.006758,0.080290,0.007737,0.996719
-0.005677,0.079864,0.007678,0.996760
-0.005409,0.079954,0.007764,0.996754
-0.006331,0.080096,0.007879,0.996736
-0.007555,0.080506,0.008376,0.996690
-0.008142,0.080791,0.008032,0.996665
-0.008453,0.081427,0.007737,0.996613
-0.008833,0.081694,0.007465,0.996590
-0.008613,0.081642,0.007819,0.996594
-0.008090,0.081629,0.007775,0.996600
-0.007389,0.081216,0.007892,0.996638
-0.007596,0.080929,0.005817,0.996674
-0.007237,0.080795,0.005661,0.996688
-0.006170,0.080093,0.007472,0.996740
-0.002316,0.080003,0.005891,0.996774
0.002351,0.070599,0.003653,0.997495
0.002777,0.066557,-0.001345,0.997778
0.013241,0.065973,-0.001031,0.997733
0.020139,0.069214,-0.004263,0.997389
0.028262,0.066606,-0.036335,0.996717
0.033466,0.057573,-0.061291,0.995896
0.033470,0.060168,-0.078456,0.994537
0.052887,0.050755,0.020221,0.997105
0.053186,0.058503,0.024728,0.996563
0.058939,0.053935,0.016132,0.996673
0.056076,0.057290,0.004939,0.996769
0.059696,0.048991,0.010127,0.996962
0.061626,0.035668,0.034129,0.996878
0.045257,0.018885,0.161184,0.985705
0.023990,0.001332,0.299469,0.953804
0.025125,0.026149,0.339038,0.940074
0.020989,0.030568,0.372577,0.927260
0.021407,0.039622,0.393387,0.918269
0.016145,0.042692,0.443824,0.894951
0.015020,0.047056,0.473861,0.879213
0.016798,0.052140,0.491203,0.869321
0.018202,0.055229,0.521653,0.851174
0.023541,0.055179,0.561650,0.825197
0.027332,0.055263,0.601092,0.796798
0.033220,0.055786,0.637182,0.767973
0.035898,0.060240,0.651273,0.755596
0.036263,0.060793,0.658622,0.749137
0.036439,0.062911,0.657207,0.750195
0.035756,0.064533,0.658947,0.748563
0.036256,0.065753,0.675620,0.733416
0.035313,0.065847,0.677663,0.731567
0.035771,0.064793,0.675613,0.733532
0.036418,0.063962,0.676444,0.732807
0.040713,0.067178,0.682061,0.727064
0.041239,0.066420,0.693812,0.715900
0.042661,0.066865,0.699601,0.710118
0.042853,0.066370,0.703511,0.706280
0.041842,0.066519,0.704503,0.705337
0.040935,0.067308,0.701135,0.708663
0.040829,0.067500,0.701882,0.707911
0.040754,0.067249,0.701264,0.708552
0.041226,0.066211,0.702634,0.707263
0.041306,0.065991,0.702822,0.707093
0.041675,0.065264,0.704813,0.705154
0.041389,0.064697,0.705005,0.705031
0.040612,0.064830,0.705827,0.704241
0.040466,0.064705,0.707005,0.703079
0.039923,0.064690,0.707494,0.702619
0.040582,0.063604,0.707417,0.702758
0.039727,0.064044,0.706299,0.703890
0.038717,0.064307,0.705450,0.704773
0.038042,0.064294,0.705145,0.705117
0.038409,0.063840,0.705697,0.704586
0.038914,0.063063,0.706405,0.703918
0.037482,0.063235,0.706159,0.704227
0.037527,0.062623,0.706660,0.703777
0.036668,0.063006,0.707339,0.703106
0.037305,0.062001,0.707667,0.702832
0.036893,0.061772,0.707502,0.703039
0.037337,0.061398,0.707181,0.703372
0.037188,0.061110,0.708573,0.702002
0.036908,0.060263,0.708577,0.702086
0.036847,0.059872,0.708851,0.701846
0.036383,0.059493,0.707692,0.703071
0.035832,0.059340,0.707132,0.703675
0.035543,0.059217,0.706255,0.704581
0.035626,0.059122,0.705454,0.705386
0.035476,0.058944,0.705790,0.705072
0.035937,0.058071,0.707117,0.703791
0.034349,0.058878,0.693686,0.717044
0.033300,0.059789,0.676427,0.733323
0.031961,0.062709,0.646893,0.759326
0.032301,0.063093,0.628316,0.774723
0.030132,0.063707,0.593445,0.801783
0.025240,0.059357,0.566702,0.821394
0.020299,0.058743,0.522768,0.850206
0.015129,0.057070,0.478206,0.876261
0.011286,0.061699,0.430361,0.900475
0.009390,0.064293,0.398999,0.914646
0.012569,0.070951,0.354642,0.932222
0.024003,0.080681,0.281755,0.955787
0.029079,0.086051,0.178159,0.979800
0.040214,0.086976,0.112644,0.989004
0.050229,0.067631,0.007103,0.996420
0.043037,0.032377,0.010085,0.998498
0.041983,0.032629,0.011264,0.998522
0.040595,0.023690,0.010150,0.998843
0.040424,0.008052,0.010644,0.999093
0.033849,0.010174,-0.001269,0.999374
0.030248,0.007647,0.000296,0.999513
0.020715,0.006127,0.002717,0.999763
0.014275,0.009120,0.011571,0.999790
0.006175,0.013197,0.015641,0.999772
0.003301,0.031241,0.017162,0.999359
0.006530,0.035693,0.011152,0.999279
0.003793,0.037009,0.003836,0.999300
-0.003026,0.039158,-0.001337,0.999228
-0.009290,0.039465,-0.000587,0.999178
-0.009493,0.040619,0.003259,0.999124
-0.006215,0.041007,0.004834,0.999128
-0.005718,0.041593,0.003156,0.999113
-0.005749,0.042330,0.012535,0.999009
-0.005479,0.045646,0.005889,0.998925
-0.005587,0.052065,0.005563,0.998613
-0.005980,0.057276,0.000009,0.998340
-0.006874,0.057706,0.004519,0.998300
-0.006936,0.057697,0.006817,0.998287
-0.006704,0.058177,0.007550,0.998255
-0.005996,0.058678,0.007505,0.998231
-0.006127,0.058305,0.007443,0.998252
-0.006166,0.058148,0.007226,0.998263
-0.006548,0.058040,0.007571,0.998264
-0.006688,0.057503,0.007647,0.998294
-0.007055,0.057692,0.007635,0.998280
-0.006955,0.057937,0.007678,0.998266
-0.007516,0.057858,0.007899,0.998265
-0.006796,0.057450,0.007859,0.998294
-0.006703,0.057171,0.007398,0.998315
-0.005760,0.056677,0.007242,0.998350
-0.006509,0.056967,0.007409,0.998327
-0.007143,0.056861,0.008054,0.998324
-0.006895,0.057032,0.007575,0.998320
-0.007102,0.057298,0.007349,0.998305
-0.005942,0.057545,0.006976,0.998301
-0.006642,0.057667,0.007498,0.998286
-0.004912,0.057716,0.007392,0.998294
-0.000727,0.058424,0.004884,0.998280
-0.000620,0.058387,0.004255,0.998285
-0.001684,0.058529,0.004588,0.998274
-0.006330,0.057714,0.006897,0.998289
-0.006488,0.057830,0.007589,0.998277
-0.006466,0.057683,0.007304,0.998287
-0.006135,0.057628,0.006901,0.998295
-0.006457,0.057633,0.006514,0.998296
-0.006434,0.057799,0.006780,0.998284
-0.006153,0.057740,0.007113,0.998287
-0.005468,0.057563,0.007683,0.998297
-0.006299,0.057317,0.006690,0.998314
-0.008695,0.056862,0.004197,0.998335
-0.008086,0.054519,0.002888,0.998476
0.000954,0.048693,-0.000463,0.998813
0.015811,0.044203,0.001397,0.998896
0.040306,0.040822,-0.014541,0.998247
0.067727,0.041247,-0.021698,0.996615
0.096669,0.040434,-0.038867,0.993735
0.123759,0.036370,-0.043756,0.990680
0.170775,0.028291,-0.018426,0.984731
0.221446,0.027245,-0.030658,0.974310
0.277598,0.026307,-0.024978,0.960012
0.324211,0.039952,-0.042841,0.944169
0.364898,0.055254,-0.055286,0.927761
0.397741,0.058941,-0.053412,0.914043
0.431865,0.058540,-0.046390,0.898840
0.458423,0.048782,-0.070967,0.884552
0.492289,0.044329,-0.069268,0.866538
0.508525,0.053638,-0.067138,0.856748
0.525091,0.050080,-0.044684,0.848395
0.544542,0.048876,-0.031080,0.836731
0.561024,0.056517,-0.028813,0.825365
0.576870,0.063118,-0.028340,0.813900
0.592953,0.067271,-0.028395,0.801919
0.609016,0.073322,-0.030666,0.789166
0.620681,0.071712,-0.035578,0.779966
0.639761,0.085555,-0.027873,0.763289
0.650987,0.081229,-0.021572,0.754422
0.661246,0.079927,-0.017165,0.745702
0.666450,0.080860,-0.025994,0.740696
0.669490,0.080363,-0.035881,0.737589
0.669770,0.077805,-0.039904,0.737403
0.671236,0.075795,-0.041827,0.736171
0.674340,0.073707,-0.039189,0.733688
0.677317,0.069164,-0.036069,0.731544
0.679373,0.061175,-0.033147,0.730487
0.680985,0.064846,-0.040595,0.728290
0.682201,0.069890,-0.044215,0.726473
0.683623,0.070832,-0.043925,0.725061
0.684409,0.071207,-0.044022,0.724276
0.684936,0.071594,-0.044301,0.723722
0.684932,0.071807,-0.044444,0.723696
0.684595,0.072457,-0.044339,0.723957
0.684012,0.072383,-0.044914,0.724480
0.684450,0.072699,-0.044780,0.724042
0.684023,0.073068,-0.044728,0.724412
0.683319,0.073257,-0.044565,0.725067
0.681166,0.072968,-0.045116,0.727086
0.680065,0.073011,-0.045071,0.728113
0.679014,0.073792,-0.044516,0.729049
0.678393,0.074578,-0.043960,0.729581
0.677637,0.074275,-0.044459,0.730284
0.677229,0.073960,-0.045384,0.730638
0.677005,0.074402,-0.045594,0.730787
0.677166,0.074422,-0.045702,0.730629
0.676516,0.074477,-0.045272,0.731252
0.676224,0.074273,-0.045588,0.731523
0.675133,0.074573,-0.045080,0.732531
0.674839,0.074718,-0.045145,0.732783
0.674731,0.074561,-0.045167,0.732897
0.675265,0.074971,-0.045180,0.732363
0.675382,0.075405,-0.045148,0.732213
0.675504,0.075354,-0.045116,0.732107
0.675503,0.075161,-0.045475,0.732106
0.675483,0.075370,-0.046110,0.732063
0.675089,0.075649,-0.045832,0.732415
0.675034,0.075548,-0.045815,0.732477
0.675586,0.076292,-0.045338,0.731921
0.676586,0.076661,-0.045590,0.730942
0.675045,0.076970,-0.045245,0.732354
0.669880,0.077308,-0.044849,0.737070
0.656440,0.077704,-0.043831,0.749084
0.636471,0.080049,-0.041953,0.765987
0.605625,0.093066,-0.052192,0.788564
0.571409,0.102616,-0.057877,0.812165
0.531238,0.100527,-0.055489,0.839406
0.480522,0.098825,-0.053588,0.869747
0.419060,0.101971,-0.052509,0.900685
0.361534,0.100279,-0.046861,0.925765
0.308458,0.104463,-0.039406,0.944663
0.262652,0.103565,-0.032489,0.958766
0.213837,0.093800,-0.022549,0.972094
0.175244,0.089028,-0.017256,0.980340
0.131355,0.085544,-0.012155,0.987563
0.104240,0.077411,-0.008312,0.991500
0.079793,0.073794,-0.007613,0.994047
0.067655,0.068064,-0.007737,0.995354
0.056159,0.067534,-0.008934,0.996095
0.045495,0.064967,-0.004412,0.996840
0.034588,0.062887,-0.001526,0.997420
0.022066,0.058597,0.003176,0.998033
0.011844,0.058262,0.005940,0.998213
0.007065,0.060207,0.007259,0.998135
0.002144,0.063086,0.006686,0.997983
-0.001882,0.063606,0.006546,0.997952
-0.005097,0.063587,0.008926,0.997923
-0.003358,0.067450,0.006368,0.997697
-0.001347,0.068798,0.003889,0.997622
-0.000280,0.070144,0.002748,0.997533
-0.004028,0.071142,0.002805,0.997454
-0.005363,0.075039,0.001245,0.997165
-0.006600,0.076174,0.000885,0.997072
-0.007518,0.076704,0.003984,0.997018
-0.008408,0.077508,0.008215,0.996922
-0.008741,0.080381,0.007989,0.996694
-0.008581,0.080454,0.007677,0.996692
-0.008174,0.080278,0.004513,0.996729
-0.007922,0.080044,0.003982,0.996752
-0.007777,0.079865,0.004384,0.996766
-0.007946,0.079650,0.006455,0.996770
-0.007965,0.079326,0.007182,0.996791
-0.007655,0.079401,0.007578,0.996785
-0.007712,0.079461,0.007682,0.996779
-0.008142,0.079658,0.007676,0.996759
-0.008675,0.079725,0.007105,0.996754
-0.008446,0.079976,0.006828,0.996738
-0.007546,0.080150,0.006823,0.996731
-0.007689,0.080235,0.006905,0.996722
-0.007412,0.080186,0.007164,0.996727
-0.007115,0.080433,0.007090,0.996709
-0.006335,0.080548,0.006888,0.996707
-0.006154,0.080693,0.007434,0.996692
-0.006854,0.080833,0.007748,0.996674
-0.006725,0.080921,0.007903,0.996667
-0.007754,0.081054,0.007904,0.996648
-0.007205,0.081568,0.007395,0.996614
-0.007097,0.081448,0.007482,0.996624
-0.006826,0.081583,0.006788,0.996620
-0.007301,0.081660,0.006762,0.996611
-0.008298,0.081553,0.006410,0.996614
-0.008437,0.081513,0.006905,0.996613
-0.008351,0.081704,0.006911,0.996598
-0.008108,0.081717,0.007574,0.996594
-0.007727,0.081826,0.008088,0.996584
-0.007759,0.082006,0.008591,0.996565
-0.007671,0.081813,0.007221,0.996592
-0.006068,0.082178,0.007714,0.996569
-0.006354,0.081615,0.001592,0.996642
0.008808,0.080439,-0.002672,0.996717
0.010502,0.080304,-0.000111,0.996715
0.029611,0.078201,-0.002979,0.996493
0.031626,0.081359,-0.032024,0.995668
0.044333,0.121923,-0.043168,0.990609
0.043164,0.144409,-0.044411,0.987578
0.039224,0.161534,-0.024343,0.985787
0.040997,0.185701,-0.026256,0.981399
0.045778,0.216773,-0.029786,0.974693
0.046194,0.249983,-0.034043,0.966548
0.033576,0.290257,-0.025511,0.956019
0.026542,0.324737,-0.025471,0.945089
0.011639,0.357507,-0.025166,0.933499
-0.011021,0.393730,-0.031558,0.918618
-0.040082,0.419643,-0.032996,0.906203
-0.029056,0.447349,0.009485,0.893837
-0.041490,0.475500,0.021653,0.878470
-0.041465,0.508487,0.021471,0.859803
-0.037295,0.545024,0.012689,0.837494
-0.027816,0.581252,0.002100,0.813245
-0.018499,0.604428,-0.009757,0.796385
-0.013886,0.624671,-0.011057,0.780687
-0.018675,0.640968,-0.009922,0.767276
-0.019922,0.656594,-0.006676,0.753951
-0.020308,0.675195,-0.013681,0.737233
-0.018512,0.685942,-0.020666,0.727127
-0.013949,0.693530,-0.028117,0.719744
-0.016319,0.699101,-0.030793,0.714173
-0.014147,0.707203,-0.032358,0.706128
-0.012028,0.722196,-0.039623,0.690448
-0.001114,0.730893,-0.037830,0.681442
0.001543,0.739552,-0.035993,0.672135
-0.000674,0.739392,-0.031090,0.672556
-0.016553,0.739363,-0.026975,0.672563
-0.028948,0.738825,-0.023305,0.672872
-0.035905,0.738822,-0.023688,0.672527
-0.031369,0.741128,-0.026635,0.670101
-0.032549,0.739254,-0.023645,0.672223
-0.035590,0.737563,-0.013520,0.674204
-0.038200,0.735447,-0.008734,0.676449
-0.037345,0.735420,-0.008800,0.676525
-0.034526,0.736197,-0.012083,0.675778
-0.035177,0.735692,-0.011243,0.676309
-0.037111,0.734353,-0.010610,0.677670
-0.037617,0.733903,-0.009434,0.678147
-0.037695,0.733325,-0.006813,0.678798
-0.037905,0.732381,-0.006305,0.679810
-0.039062,0.732029,-0.006001,0.680126
-0.039242,0.731478,-0.008058,0.680687
-0.039885,0.731083,-0.006809,0.681088
-0.040458,0.730786,-0.005538,0.681384
-0.041676,0.731015,-0.004779,0.681071
-0.041555,0.731521,-0.004276,0.680538
-0.041013,0.731751,-0.003805,0.680327
-0.041183,0.731564,-0.003464,0.680519
-0.041399,0.732044,-0.004382,0.679984
-0.041967,0.732183,-0.005186,0.679794
-0.041788,0.732270,-0.005328,0.679710
-0.043401,0.732292,-0.002717,0.679601
-0.042750,0.732489,-0.002471,0.679431
-0.042271,0.733319,-0.002626,0.678564
-0.041985,0.733476,-0.003794,0.678407
-0.043054,0.733451,-0.003453,0.678369
-0.043697,0.733994,-0.001785,0.677747
-0.043360,0.734633,-0.001896,0.677075
-0.043923,0.734942,-0.001686,0.676704
-0.044095,0.735348,-0.002304,0.676249
-0.042893,0.735017,-0.002923,0.676684
-0.041848,0.734613,-0.003398,0.677186
-0.042078,0.734176,-0.004085,0.677641
-0.042793,0.733742,-0.003490,0.678070
-0.043622,0.733262,-0.002851,0.678539
-0.043730,0.733787,-0.001909,0.677968
-0.044471,0.734028,-0.000639,0.677661
-0.044266,0.734357,-0.001050,0.677318
-0.044595,0.734598,-0.000962,0.677034
-0.044654,0.734500,-0.001502,0.677136
-0.044795,0.734329,-0.000826,0.677313
-0.044956,0.733609,-0.000411,0.678083
-0.044998,0.732630,-0.000674,0.679137
-0.044855,0.732072,-0.000652,0.679748
-0.044454,0.731336,-0.000719,0.680567
-0.044116,0.730413,-0.000798,0.681579
-0.044039,0.729947,-0.000958,0.682083
-0.044865,0.729292,-0.000718,0.682730
-0.044786,0.728327,-0.000180,0.683764
-0.043954,0.726448,-0.001305,0.685813
-0.046917,0.722337,0.000794,0.689947
-0.046334,0.719073,0.000552,0.693388
-0.046629,0.713150,0.001687,0.699457
-0.042939,0.706247,0.000182,0.706662
-0.044107,0.696002,0.000365,0.716684
-0.038800,0.682589,-0.013320,0.729650
-0.054033,0.665050,0.007118,0.744808
-0.049833,0.647945,0.005658,0.760034
-0.043043,0.606866,0.006425,0.793612
-0.027475,0.584792,-0.001197,0.810717
-0.015065,0.558369,-0.004235,0.829445
-0.006750,0.528239,-0.009690,0.849013
0.000324,0.493114,-0.006192,0.869942
0.006094,0.456770,-0.003712,0.889556
0.010219,0.411886,-0.002555,0.911174
0.009200,0.374191,0.001089,0.927305
0.018866,0.336066,-0.003502,0.941643
0.025688,0.302008,-0.014599,0.952847
0.015922,0.263401,-0.032413,0.964010
-0.012484,0.234173,-0.101044,0.966849
-0.002024,0.204872,-0.087903,0.974832
0.015941,0.190827,-0.035697,0.980845
0.020114,0.173422,-0.009823,0.984593
0.008259,0.158256,-0.003533,0.987357
0.000166,0.136232,-0.009772,0.990629
-0.004831,0.132322,-0.008864,0.991155
-0.017126,0.131081,-0.003818,0.991216
-0.018351,0.121270,0.013413,0.992359
-0.016696,0.111947,0.015684,0.993450
-0.015871,0.102205,0.018860,0.994458
-0.011372,0.100355,0.024870,0.994576
-0.009691,0.096968,0.021732,0.995003
-0.007730,0.093834,0.012896,0.995474
-0.011575,0.107593,-0.004249,0.994119
0.002365,0.105558,-0.036443,0.993742
0.022675,0.100338,-0.046592,0.993603
0.028445,0.100815,-0.051021,0.993189
0.028691,0.096362,-0.052643,0.993539
0.030575,0.093968,-0.049419,0.993878
0.068417,0.097194,-0.035524,0.992275
0.091436,0.107190,-0.055663,0.988459
0.111582,0.091741,-0.026801,0.989149
0.115950,0.068284,-0.019986,0.990703
0.100888,0.071169,-0.022938,0.992084
0.069122,0.077773,-0.004840,0.994560
0.056704,0.081125,0.008714,0.995052
0.045471,0.087391,0.005750,0.995119
0.032919,0.088981,0.006178,0.995470
0.032209,0.093873,0.008400,0.995028
0.026913,0.088536,0.008972,0.995669
0.022395,0.086966,0.007639,0.995930
0.014759,0.083706,0.006898,0.996357
0.011462,0.083705,0.005148,0.996411
0.005741,0.082693,0.003386,0.996553
0.000893,0.082330,0.001694,0.996603
-0.001233,0.082475,0.000190,0.996592
-0.001852,0.082451,0.000724,0.996593
-0.000440,0.082392,-0.001403,0.996599
-0.001002,0.083887,-0.000535,0.996475
-0.002366,0.084231,-0.001703,0.996442
-0.005340,0.084507,0.001815,0.996407
-0.006176,0.084081,0.002485,0.996437
-0.005499,0.084144,0.004749,0.996427
-0.004552,0.083804,0.006488,0.996451
-0.005541,0.083293,0.007213,0.996484
-0.005772,0.083197,0.008144,0.996483
-0.005826,0.083166,0.008182,0.996485
-0.005786,0.082962,0.008355,0.996501
-0.006049,0.082907,0.005887,0.996522
-0.007260,0.082909,0.005565,0.996515
-0.006905,0.083693,0.005068,0.996455
-0.007396,0.083477,0.006978,0.996458
-0.007294,0.083200,0.006460,0.996485
-0.007844,0.082862,0.006731,0.996507
-0.007826,0.082669,0.007209,0.996520
-0.007397,0.082860,0.008003,0.996502
-0.007483,0.082896,0.007770,0.996500
-0.007076,0.082925,0.007286,0.996504
-0.007503,0.083058,0.006769,0.996493
-0.007077,0.083224,0.006461,0.996485
-0.007302,0.082831,0.006318,0.996517
-0.007527,0.082891,0.006388,0.996510
-0.007794,0.082696,0.006128,0.996526
-0.007413,0.082726,0.006080,0.996526
-0.006849,0.082689,0.006003,0.996534
-0.006544,0.082654,0.006594,0.996535
-0.007020,0.082972,0.006655,0.996505
-0.007437,0.083008,0.006004,0.996503
-0.005452,0.083495,0.005846,0.996476
0.004101,0.081379,0.003949,0.996667
0.010610,0.079289,0.006064,0.996777
0.021905,0.076591,0.003678,0.996815
0.034621,0.071041,-0.032295,0.996349
0.052107,0.067076,-0.056572,0.994779
0.067741,0.046337,-0.063535,0.994599
0.093546,0.051389,-0.044818,0.993277
0.135433,0.021939,-0.009838,0.990495
0.178569,0.006323,-0.003201,0.983902
0.231576,-0.007982,0.009182,0.972741
0.279706,-0.027622,0.032017,0.959154
0.316015,-0.049763,0.078588,0.944183
0.341134,-0.085492,0.109571,0.929684
0.371690,-0.103636,0.109772,0.916000
0.418019,-0.116654,0.108141,0.894404
0.448663,-0.139471,0.125641,0.873764
0.447965,-0.170328,0.134969,0.867237
0.475678,-0.174701,0.119124,0.853826
0.495255,-0.177203,0.121174,0.841806
0.510049,-0.187531,0.143194,0.827150
0.526584,-0.186778,0.144213,0.816716
0.543139,-0.197671,0.156935,0.800811
0.557354,-0.212131,0.168654,0.784801
0.567370,-0.223589,0.179740,0.771876
0.574080,-0.222938,0.180597,0.766887
0.580218,-0.221506,0.185130,0.761584
0.582785,-0.225258,0.196064,0.755764
0.586571,-0.225956,0.197367,0.752280
0.584656,-0.227231,0.197503,0.753350
0.579686,-0.227562,0.196371,0.757376
0.579560,-0.228930,0.200981,0.755849
0.576736,-0.230745,0.210943,0.754742
0.581230,-0.228066,0.213767,0.751306
0.587218,-0.217820,0.199418,0.753633
0.598766,-0.211963,0.189713,0.748706
0.611762,-0.200913,0.176771,0.744401
0.625059,-0.195885,0.181012,0.733597
0.638938,-0.187819,0.184885,0.722703
0.651777,-0.179285,0.187873,0.712564
0.661875,-0.175075,0.190549,0.703535
0.669015,-0.171401,0.190017,0.697807
0.674157,-0.169893,0.189703,0.693297
0.681070,-0.167745,0.189990,0.686956
0.686537,-0.166605,0.190743,0.681562
0.690332,-0.165250,0.191345,0.677880
0.692437,-0.165226,0.191908,0.675576
0.692724,-0.165640,0.191477,0.675302
0.692800,-0.165684,0.191351,0.675250
0.693390,-0.165304,0.191381,0.674728
0.694039,-0.164999,0.190936,0.674262
0.695008,-0.164324,0.191178,0.673359
0.695648,-0.163074,0.190830,0.673101
0.695929,-0.161446,0.189892,0.673468
0.695966,-0.159765,0.189458,0.673953
0.695982,-0.159063,0.188750,0.674300
0.695925,-0.159383,0.187966,0.674503
0.695341,-0.160191,0.186337,0.675365
0.695070,-0.160363,0.186073,0.675676
0.695232,-0.159975,0.185986,0.675625
0.694839,-0.159520,0.186494,0.675997
0.693685,-0.159269,0.186441,0.677254
0.692423,-0.158748,0.185991,0.678790
0.692324,-0.158835,0.185859,0.678907
0.692602,-0.158864,0.185375,0.678750
0.692905,-0.158335,0.184726,0.678741
0.693100,-0.158736,0.184211,0.678588
0.693147,-0.158708,0.184137,0.678566
0.693510,-0.158760,0.183576,0.678335
0.693404,-0.158183,0.183693,0.678547
0.692249,-0.157907,0.183113,0.679946
0.691640,-0.156952,0.182567,0.680933
0.689498,-0.153061,0.180859,0.684438
0.685890,-0.143739,0.172130,0.692289
0.675607,-0.134524,0.166014,0.705619
0.660319,-0.122684,0.155446,0.724406
0.639286,-0.108849,0.147361,0.746827
0.614981,-0.098586,0.134357,0.770732
0.589106,-0.088284,0.119585,0.794267
0.553547,-0.072521,0.097174,0.823944
0.515413,-0.049606,0.080250,0.851733
0.463313,-0.030825,0.057567,0.883785
0.406213,-0.009171,0.038157,0.912936
0.331252,0.008337,0.005769,0.943488
0.245222,0.018727,-0.009085,0.969243
0.197788,0.035398,-0.015845,0.979477
0.161954,0.060724,-0.021204,0.984700
0.117201,0.088026,-0.022142,0.988952
0.086640,0.100807,-0.018000,0.990963
0.057388,0.111907,-0.013348,0.991970
0.032100,0.115152,-0.008640,0.992792
0.020203,0.114464,-0.002303,0.993219
0.015514,0.112921,-0.002330,0.993480
0.007407,0.111763,-0.003925,0.993700
0.002563,0.113625,-0.007088,0.993495
-0.005671,0.114853,-0.000133,0.993366
-0.006070,0.118814,0.002525,0.992895
-0.006141,0.125043,0.001234,0.992132
-0.007139,0.136131,-0.003339,0.990660
-0.010890,0.144033,-0.003454,0.989507
-0.012859,0.144059,0.001921,0.989484
-0.013584,0.144274,0.005498,0.989429
-0.012782,0.144510,0.006558,0.989399
-0.011679,0.143652,0.004913,0.989547
-0.011097,0.141869,0.005619,0.989807
-0.010227,0.140965,0.005310,0.989948
-0.010458,0.140391,0.007584,0.990012
-0.009996,0.140334,0.007283,0.990027
-0.010257,0.140480,0.007785,0.990000
-0.010038,0.140949,0.008043,0.989933
-0.010259,0.141076,0.008755,0.989907
-0.010610,0.141540,0.009152,0.989833
-0.010725,0.142028,0.009052,0.989763
-0.010897,0.142203,0.008840,0.989738
-0.010500,0.142647,0.008594,0.989681
-0.009943,0.142708,0.008488,0.989678
-0.009843,0.142632,0.008689,0.989689
-0.009787,0.142968,0.008566,0.989642
-0.010294,0.142792,0.008975,0.989658
-0.010766,0.142329,0.008686,0.989723
-0.011187,0.142430,0.008672,0.989704
-0.010702,0.142034,0.008096,0.989771
-0.010123,0.142299,0.008298,0.989737
-0.009891,0.142828,0.009155,0.989656
-0.009859,0.142670,0.008957,0.989681
-0.010030,0.142777,0.008406,0.989668
-0.010432,0.142878,0.007266,0.989659
-0.010588,0.142685,0.007775,0.989681
-0.009867,0.142991,0.007681,0.989645
-0.007511,0.142922,0.005902,0.989688
-0.003516,0.139768,0.004449,0.990168
0.005892,0.134452,0.032245,0.990378
0.002223,0.124865,0.022536,0.991915
0.000143,0.131984,0.020219,0.991046
-0.007719,0.123923,0.015937,0.992134
-0.010548,0.125604,0.017613,0.991868
-0.016921,0.131018,0.015869,0.991109
-0.021499,0.139778,0.021853,0.989708
-0.023860,0.144185,0.021244,0.989035
-0.025820,0.150773,0.018306,0.988062
-0.029169,0.161899,0.009702,0.986328
-0.029096,0.171022,0.003144,0.984832
-0.024526,0.181127,-0.008551,0.983117
-0.016617,0.182794,-0.013227,0.982922
-0.004572,0.190071,-0.004000,0.981752
0.010577,0.196039,0.001388,0.980538
0.026036,0.193128,-0.000989,0.980828
0.036484,0.193213,-0.017220,0.980327
0.044525,0.196193,-0.029558,0.979108
0.053146,0.192020,-0.028299,0.979542
0.054319,0.184044,-0.015686,0.981291
0.059936,0.177118,-0.007854,0.982332
0.067522,0.165803,-0.026462,0.983489
0.049641,0.161213,-0.021861,0.985428
0.035366,0.151894,-0.011669,0.987695
0.033263,0.143958,-0.002329,0.989022
0.025731,0.135234,0.001374,0.990479
0.017000,0.126620,0.000176,0.991806
0.001129,0.124782,-0.009008,0.992143
-0.016626,0.124779,-0.011401,0.991980
-0.019240,0.124747,-0.004649,0.991991
-0.020957,0.124860,0.004249,0.991944
-0.012165,0.125852,0.018964,0.991793
-0.011370,0.125898,0.015144,0.991862
-0.008720,0.126327,0.012928,0.991866
-0.015266,0.127301,0.006808,0.991723
-0.016994,0.127511,0.005363,0.991677
-0.016405,0.127854,0.011045,0.991596
-0.009543,0.128091,0.006341,0.991696
-0.010757,0.128254,0.001289,0.991682
-0.013744,0.127824,-0.003020,0.991697
